0
1
2
3
4
5
6
7
8
9
10

01
02
03
04
05
06
07
08
09
010
12
13
14
15
16
17
18
19
110
23
24
25
26
27
28
29
210
34
35
36
37
38
39
310
45
46
47
48
49
410
56
57
58
59
510
67
68
69
610
78
79
710
89
810
910

012
013
014
015
016
017
018
019
0110
023
024
025
026
027
028
029
0210
034
035
036
037
038
039
0310
045
046
047
048
049
0410
056
057
058
059
0510
067
068
069
0610
078
079
0710
089
0810
0910
123
124
125
126
127
128
129
1210
134
135
136
137
138
139
1310
145
146
147
148
149
1410
156
157
158
159
1510
167
168
169
1610
178
179
1710
189
1810
1910
234
235
236
237
238
239
2310
245
246
247
248
249
2410
256
257
258
259
2510
267
268
269
2610
278
279
2710
289
2810
2910
345
346
347
348
349
3410
356
357
358
359
3510
367
368
369
3610
378
379
3710
389
3810
3910
456
457
458
459
4510
467
468
469
4610
478
479
4710
489
4810
4910
567
568
569
5610
578
579
5710
589
5810
5910
678
679
6710
689
6810
6910
789
7810
7910
8910

11
12
13
14
15
16
17
18
19
20
21
22

011
111
211
311
411
511
611
711
811
911
1011
012
112
212
312
412
512
612
712
812
912
1012
013
113
213
313
413
513
613
713
813
913
1013
014
114
214
314
414
514
614
714
814
914
1014
015
115
215
315
415
515
615
715
815
915
1015
016
116
216
316
416
516
616
716
816
916
1016
017
117
217
317
417
517
617
717
817
917
1017
018
118
218
318
418
518
618
718
818
918
1018
019
119
219
319
419
519
619
719
819
919
1019
020
120
220
320
420
520
620
720
820
920
1020
021
121
221
321
421
521
621
721
821
921
1021
022
122
222
322
422
522
622
722
822
922
1022

0111
0211
0311
0411
0511
0611
0711
0811
0911
01011
1211
1311
1411
1511
1611
1711
1811
1911
11011
2311
2411
2511
2611
2711
2811
2911
21011
3411
3511
3611
3711
3811
3911
31011
4511
4611
4711
4811
4911
41011
5611
5711
5811
5911
51011
6711
6811
6911
61011
7811
7911
71011
8911
81011
91011
0112
0212
0312
0412
0512
0612
0712
0812
0912
01012
1212
1312
1412
1512
1612
1712
1812
1912
11012
2312
2412
2512
2612
2712
2812
2912
21012
3412
3512
3612
3712
3812
3912
31012
4512
4612
4712
4812
4912
41012
5612
5712
5812
5912
51012
6712
6812
6912
61012
7812
7912
71012
8912
81012
91012
0113
0213
0313
0413
0513
0613
0713
0813
0913
01013
1213
1313
1413
1513
1613
1713
1813
1913
11013
2313
2413
2513
2613
2713
2813
2913
21013
3413
3513
3613
3713
3813
3913
31013
4513
4613
4713
4813
4913
41013
5613
5713
5813
5913
51013
6713
6813
6913
61013
7813
7913
71013
8913
81013
91013
0114
0214
0314
0414
0514
0614
0714
0814
0914
01014
1214
1314
1414
1514
1614
1714
1814
1914
11014
2314
2414
2514
2614
2714
2814
2914
21014
3414
3514
3614
3714
3814
3914
31014
4514
4614
4714
4814
4914
41014
5614
5714
5814
5914
51014
6714
6814
6914
61014
7814
7914
71014
8914
81014
91014
0115
0215
0315
0415
0515
0615
0715
0815
0915
01015
1215
1315
1415
1515
1615
1715
1815
1915
11015
2315
2415
2515
2615
2715
2815
2915
21015
3415
3515
3615
3715
3815
3915
31015
4515
4615
4715
4815
4915
41015
5615
5715
5815
5915
51015
6715
6815
6915
61015
7815
7915
71015
8915
81015
91015
0116
0216
0316
0416
0516
0616
0716
0816
0916
01016
1216
1316
1416
1516
1616
1716
1816
1916
11016
2316
2416
2516
2616
2716
2816
2916
21016
3416
3516
3616
3716
3816
3916
31016
4516
4616
4716
4816
4916
41016
5616
5716
5816
5916
51016
6716
6816
6916
61016
7816
7916
71016
8916
81016
91016
0117
0217
0317
0417
0517
0617
0717
0817
0917
01017
1217
1317
1417
1517
1617
1717
1817
1917
11017
2317
2417
2517
2617
2717
2817
2917
21017
3417
3517
3617
3717
3817
3917
31017
4517
4617
4717
4817
4917
41017
5617
5717
5817
5917
51017
6717
6817
6917
61017
7817
7917
71017
8917
81017
91017
0118
0218
0318
0418
0518
0618
0718
0818
0918
01018
1218
1318
1418
1518
1618
1718
1818
1918
11018
2318
2418
2518
2618
2718
2818
2918
21018
3418
3518
3618
3718
3818
3918
31018
4518
4618
4718
4818
4918
41018
5618
5718
5818
5918
51018
6718
6818
6918
61018
7818
7918
71018
8918
81018
91018
0119
0219
0319
0419
0519
0619
0719
0819
0919
01019
1219
1319
1419
1519
1619
1719
1819
1919
11019
2319
2419
2519
2619
2719
2819
2919
21019
3419
3519
3619
3719
3819
3919
31019
4519
4619
4719
4819
4919
41019
5619
5719
5819
5919
51019
6719
6819
6919
61019
7819
7919
71019
8919
81019
91019
0120
0220
0320
0420
0520
0620
0720
0820
0920
01020
1220
1320
1420
1520
1620
1720
1820
1920
11020
2320
2420
2520
2620
2720
2820
2920
21020
3420
3520
3620
3720
3820
3920
31020
4520
4620
4720
4820
4920
41020
5620
5720
5820
5920
51020
6720
6820
6920
61020
7820
7920
71020
8920
81020
91020
0121
0221
0321
0421
0521
0621
0721
0821
0921
01021
1221
1321
1421
1521
1621
1721
1821
1921
11021
2321
2421
2521
2621
2721
2821
2921
21021
3421
3521
3621
3721
3821
3921
31021
4521
4621
4721
4821
4921
41021
5621
5721
5821
5921
51021
6721
6821
6921
61021
7821
7921
71021
8921
81021
91021
0122
0222
0322
0422
0522
0622
0722
0822
0922
01022
1222
1322
1422
1522
1622
1722
1822
1922
11022
2322
2422
2522
2622
2722
2822
2922
21022
3422
3522
3622
3722
3822
3922
31022
4522
4622
4722
4822
4922
41022
5622
5722
5822
5922
51022
6722
6822
6922
61022
7822
7922
71022
8922
81022
91022

1112
1113
1114
1115
1116
1117
1118
1119
1120
1121
1122
1213
1214
1215
1216
1217
1218
1219
1220
1221
1222
1314
1315
1316
1317
1318
1319
1320
1321
1322
1415
1416
1417
1418
1419
1420
1421
1422
1516
1517
1518
1519
1520
1521
1522
1617
1618
1619
1620
1621
1622
1718
1719
1720
1721
1722
1819
1820
1821
1822
1920
1921
1922
2021
2022
2122

01112
11112
21112
31112
41112
51112
61112
71112
81112
91112
101112
01113
11113
21113
31113
41113
51113
61113
71113
81113
91113
101113
01114
11114
21114
31114
41114
51114
61114
71114
81114
91114
101114
01115
11115
21115
31115
41115
51115
61115
71115
81115
91115
101115
01116
11116
21116
31116
41116
51116
61116
71116
81116
91116
101116
01117
11117
21117
31117
41117
51117
61117
71117
81117
91117
101117
01118
11118
21118
31118
41118
51118
61118
71118
81118
91118
101118
01119
11119
21119
31119
41119
51119
61119
71119
81119
91119
101119
01120
11120
21120
31120
41120
51120
61120
71120
81120
91120
101120
01121
11121
21121
31121
41121
51121
61121
71121
81121
91121
101121
01122
11122
21122
31122
41122
51122
61122
71122
81122
91122
101122
01213
11213
21213
31213
41213
51213
61213
71213
81213
91213
101213
01214
11214
21214
31214
41214
51214
61214
71214
81214
91214
101214
01215
11215
21215
31215
41215
51215
61215
71215
81215
91215
101215
01216
11216
21216
31216
41216
51216
61216
71216
81216
91216
101216
01217
11217
21217
31217
41217
51217
61217
71217
81217
91217
101217
01218
11218
21218
31218
41218
51218
61218
71218
81218
91218
101218
01219
11219
21219
31219
41219
51219
61219
71219
81219
91219
101219
01220
11220
21220
31220
41220
51220
61220
71220
81220
91220
101220
01221
11221
21221
31221
41221
51221
61221
71221
81221
91221
101221
01222
11222
21222
31222
41222
51222
61222
71222
81222
91222
101222
01314
11314
21314
31314
41314
51314
61314
71314
81314
91314
101314
01315
11315
21315
31315
41315
51315
61315
71315
81315
91315
101315
01316
11316
21316
31316
41316
51316
61316
71316
81316
91316
101316
01317
11317
21317
31317
41317
51317
61317
71317
81317
91317
101317
01318
11318
21318
31318
41318
51318
61318
71318
81318
91318
101318
01319
11319
21319
31319
41319
51319
61319
71319
81319
91319
101319
01320
11320
21320
31320
41320
51320
61320
71320
81320
91320
101320
01321
11321
21321
31321
41321
51321
61321
71321
81321
91321
101321
01322
11322
21322
31322
41322
51322
61322
71322
81322
91322
101322
01415
11415
21415
31415
41415
51415
61415
71415
81415
91415
101415
01416
11416
21416
31416
41416
51416
61416
71416
81416
91416
101416
01417
11417
21417
31417
41417
51417
61417
71417
81417
91417
101417
01418
11418
21418
31418
41418
51418
61418
71418
81418
91418
101418
01419
11419
21419
31419
41419
51419
61419
71419
81419
91419
101419
01420
11420
21420
31420
41420
51420
61420
71420
81420
91420
101420
01421
11421
21421
31421
41421
51421
61421
71421
81421
91421
101421
01422
11422
21422
31422
41422
51422
61422
71422
81422
91422
101422
01516
11516
21516
31516
41516
51516
61516
71516
81516
91516
101516
01517
11517
21517
31517
41517
51517
61517
71517
81517
91517
101517
01518
11518
21518
31518
41518
51518
61518
71518
81518
91518
101518
01519
11519
21519
31519
41519
51519
61519
71519
81519
91519
101519
01520
11520
21520
31520
41520
51520
61520
71520
81520
91520
101520
01521
11521
21521
31521
41521
51521
61521
71521
81521
91521
101521
01522
11522
21522
31522
41522
51522
61522
71522
81522
91522
101522
01617
11617
21617
31617
41617
51617
61617
71617
81617
91617
101617
01618
11618
21618
31618
41618
51618
61618
71618
81618
91618
101618
01619
11619
21619
31619
41619
51619
61619
71619
81619
91619
101619
01620
11620
21620
31620
41620
51620
61620
71620
81620
91620
101620
01621
11621
21621
31621
41621
51621
61621
71621
81621
91621
101621
01622
11622
21622
31622
41622
51622
61622
71622
81622
91622
101622
01718
11718
21718
31718
41718
51718
61718
71718
81718
91718
101718
01719
11719
21719
31719
41719
51719
61719
71719
81719
91719
101719
01720
11720
21720
31720
41720
51720
61720
71720
81720
91720
101720
01721
11721
21721
31721
41721
51721
61721
71721
81721
91721
101721
01722
11722
21722
31722
41722
51722
61722
71722
81722
91722
101722
01819
11819
21819
31819
41819
51819
61819
71819
81819
91819
101819
01820
11820
21820
31820
41820
51820
61820
71820
81820
91820
101820
01821
11821
21821
31821
41821
51821
61821
71821
81821
91821
101821
01822
11822
21822
31822
41822
51822
61822
71822
81822
91822
101822
01920
11920
21920
31920
41920
51920
61920
71920
81920
91920
101920
01921
11921
21921
31921
41921
51921
61921
71921
81921
91921
101921
01922
11922
21922
31922
41922
51922
61922
71922
81922
91922
101922
02021
12021
22021
32021
42021
52021
62021
72021
82021
92021
102021
02022
12022
22022
32022
42022
52022
62022
72022
82022
92022
102022
02122
12122
22122
32122
42122
52122
62122
72122
82122
92122
102122

111213
111214
111215
111216
111217
111218
111219
111220
111221
111222
111314
111315
111316
111317
111318
111319
111320
111321
111322
111415
111416
111417
111418
111419
111420
111421
111422
111516
111517
111518
111519
111520
111521
111522
111617
111618
111619
111620
111621
111622
111718
111719
111720
111721
111722
111819
111820
111821
111822
111920
111921
111922
112021
112022
112122
121314
121315
121316
121317
121318
121319
121320
121321
121322
121415
121416
121417
121418
121419
121420
121421
121422
121516
121517
121518
121519
121520
121521
121522
121617
121618
121619
121620
121621
121622
121718
121719
121720
121721
121722
121819
121820
121821
121822
121920
121921
121922
122021
122022
122122
131415
131416
131417
131418
131419
131420
131421
131422
131516
131517
131518
131519
131520
131521
131522
131617
131618
131619
131620
131621
131622
131718
131719
131720
131721
131722
131819
131820
131821
131822
131920
131921
131922
132021
132022
132122
141516
141517
141518
141519
141520
141521
141522
141617
141618
141619
141620
141621
141622
141718
141719
141720
141721
141722
141819
141820
141821
141822
141920
141921
141922
142021
142022
142122
151617
151618
151619
151620
151621
151622
151718
151719
151720
151721
151722
151819
151820
151821
151822
151920
151921
151922
152021
152022
152122
161718
161719
161720
161721
161722
161819
161820
161821
161822
161920
161921
161922
162021
162022
162122
171819
171820
171821
171822
171920
171921
171922
172021
172022
172122
181920
181921
181922
182021
182022
182122
192021
192022
192122
202122

